Boundary: Upstream
River_Name: Seomjin, main
Boundary_Type: discharge
Data_Type: Time_series
Num_Data: 241
Dt: 60 min
77.24
77.24
77.27
77.25
77.25
77.21
77.22
77.20
77.14
77.16
77.16
77.21
60.14
53.83
53.84
55.50
198.30
201.30
201.03
200.76
200.42
200.15
200.12
199.82
199.47
199.31
199.03
198.77
199.15
201.34
201.12
200.00
197.42
197.39
197.40
197.41
197.41
196.89
195.26
195.74
196.12
196.77
197.36
197.77
198.16
198.52
198.82
198.82
199.02
199.20
199.20
199.30
199.38
199.31
199.31
199.32
199.35
199.16
199.14
199.10
200.02
336.76
395.55
398.82
405.60
410.73
393.21
402.05
410.32
577.33
585.69
588.07
589.52
590.55
590.90
591.95
594.06
597.84
591.07
671.31
985.48
1406.83
1566.98
1574.72
1752.20
1852.88
1798.58
1852.77
1869.82
1853.51
1851.90
1851.38
1845.85
1838.83
1822.46
1800.73
1775.02
1837.26
1813.15
1783.14
1755.29
1840.15
1801.51
1759.71
1378.08
1185.20
1157.52
1125.11
1099.35
1072.21
1045.89
1018.18
988.18
958.39
911.48
875.85
848.61
819.29
790.25
761.69
734.13
734.13
734.13
734.13
734.13
734.13
734.13
734.13
734.13
734.13
734.13
734.13
734.13
734.13
734.13
734.13
734.13
734.13
734.13
734.13
734.13
734.13
734.13
734.13
734.13
734.13
734.13
734.13
734.13
734.13
734.13
734.13
734.13
734.13
734.13
734.13
734.13
734.13
734.13
734.13
734.13
734.13
734.13
734.13
734.13
734.13
734.13
734.13
734.13
734.13
734.13
734.13
734.13
734.13
734.13
734.13
734.13
734.13
734.13
734.13
734.13
734.13
734.13
734.13
734.13
734.13
734.13
734.13
734.13
734.13
734.13
734.13
734.13
734.13
734.13
734.13
734.13
734.13
734.13
734.13
734.13
734.13
734.13
734.13
734.13
734.13
734.13
734.13
734.13
734.13
734.13
734.13
734.13
734.13
734.13
734.13
734.13
734.13
734.13
734.13
734.13
734.13
734.13
734.13
734.13
734.13
734.13
734.13
734.13
734.13
734.13
734.13
734.13
734.13
734.13
734.13
734.13
734.13
734.13
734.13
734.13

Boundary: Upstream
River_Name: Seomjin, boseong
Boundary_Type: discharge
Data_Type: Time_series
Num_Data: 241
Dt: 60 min
210.11
209.05
208.33
207.88
207.46
207.06
206.67
207.38
206.96
205.47
206.31
211.41
211.05
210.69
210.69
211.93
211.05
209.14
211.01
211.20
211.24
211.21
212.30
212.22
211.31
211.36
211.52
211.64
211.64
211.58
211.69
211.63
211.76
210.84
210.88
211.58
212.19
212.21
212.24
212.91
212.35
210.13
211.89
212.31
212.01
212.09
212.01
212.00
210.89
210.75
210.61
210.96
211.41
211.23
211.09
211.15
211.09
211.05
211.14
210.30
210.13
93.71
210.15
210.66
212.06
214.75
218.67
222.99
226.95
230.64
303.73
315.51
318.48
321.33
325.49
330.13
504.10
522.99
528.68
534.83
541.14
546.34
620.00
721.47
729.01
738.83
693.15
741.99
760.59
765.75
770.34
773.65
776.58
803.73
1018.44
1019.03
1018.47
1017.67
1016.16
1014.37
1012.25
1009.81
1007.12
1004.37
1001.39
1011.42
1014.12
1010.26
1006.51
1002.17
1014.56
1010.77
1006.57
1001.89
1005.24
1010.02
1005.09
999.98
1010.34
1005.55
999.56
999.56
999.56
999.56
999.56
999.56
999.56
999.56
999.56
999.56
999.56
999.56
999.56
999.56
999.56
999.56
999.56
999.56
999.56
999.56
999.56
999.56
999.56
999.56
999.56
999.56
999.56
999.56
999.56
999.56
999.56
999.56
999.56
999.56
999.56
999.56
999.56
999.56
999.56
999.56
999.56
999.56
999.56
999.56
999.56
999.56
999.56
999.56
999.56
999.56
999.56
999.56
999.56
999.56
999.56
999.56
999.56
999.56
999.56
999.56
999.56
999.56
999.56
999.56
999.56
999.56
999.56
999.56
999.56
999.56
999.56
999.56
999.56
999.56
999.56
999.56
999.56
999.56
999.56
999.56
999.56
999.56
999.56
999.56
999.56
999.56
999.56
999.56
999.56
999.56
999.56
999.56
999.56
999.56
999.56
999.56
999.56
999.56
999.56
999.56
999.56
999.56
999.56
999.56
999.56
999.56
999.56
999.56
999.56
999.56
999.56
999.56
999.56
999.56
999.56
999.56
999.56
999.56
999.56
999.56
999.56

Boundary: Downstream
River_Name: Seomjin, main_down
Boundary_Type: water_level
Data_Type: Time_series
Num_Data: 240
Dt: 60 min
-0.21
-0.18
0.00
0.23
0.40
0.56
0.64
0.57
0.35
0.05
-0.26
-0.50
-0.64
-0.49
-0.17
0.17
0.58
0.96
1.25
1.31
1.13
0.82
0.44
0.03
-0.27
-0.33
-0.19
0.06
0.30
0.55
0.77
0.87
0.76
0.40
-0.03
-0.39
-0.66
-0.78
-0.57
-0.09
0.42
0.86
1.27
1.55
1.52
1.16
0.73
0.28
-0.16
-0.44
-0.42
-0.12
0.23
0.56
0.84
1.02
1.02
0.74
0.30
-0.15
-0.58
-0.87
-0.83
-0.43
0.08
0.57
1.06
1.57
1.82
1.62
1.16
0.62
0.03
-0.35
-0.65
-0.49
-0.05
0.40
0.84
1.14
1.28
1.13
0.68
0.20
-0.29
-0.80
-1.05
-0.81
-0.24
0.35
0.93
1.50
1.93
1.99
1.58
0.98
0.45
-0.14
-0.61
-0.71
-0.36
0.20
0.72
1.11
1.38
1.41
1.09
0.54
-0.05
-0.60
-1.04
-1.09
-0.71
-0.12
0.51
1.16
1.73
1.99
1.80
1.27
0.44
-0.27
-0.88
-1.18
-1.00
-0.49
0.07
0.57
1.02
1.30
1.19
0.71
0.07
-0.58
-1.18
-1.52
-1.38
-0.80
-0.08
0.61
1.25
1.74
1.84
1.47
0.82
0.09
-0.61
-1.14
-1.24
-0.85
-0.25
0.30
0.78
1.20
1.37
1.10
0.53
-0.13
-0.77
-1.32
-1.51
-1.17
-0.49
0.21
0.85
1.44
1.80
1.70
1.17
0.47
-0.24
-0.88
-1.25
-1.14
-0.62
-0.02
0.48
0.94
1.30
1.32
0.94
0.34
-0.28
-0.88
-1.31
-1.32
-0.85
-0.18
0.45
1.02
1.50
1.69
1.42
0.81
0.13
-0.51
-1.03
-1.21
-0.93
-0.38
0.15
0.60
1.02
1.28
1.19
0.76
0.21
-0.34
-0.85
-1.13
-1.01
-0.51
0.07
0.59
1.07
1.42
1.43
1.06
0.47
-0.12
-0.66
-1.03
-1.05
-0.70
-0.20
0.25
0.66
1.01
1.17
1.02
0.63
0.17
-0.29
-0.68
-0.85
-0.67
-0.25
0.21
0.62
0.99

