River_Name: Seomjin, boseong
Data: Q
25.970 10.630
25.770 10.503
25.570 10.385
25.370 1391.382
25.283 1391.345
25.170 1391.302
24.970 1391.226
24.744 1391.142
24.542 1391.060
24.370 1390.984
24.287 1390.951
24.170 1390.911
23.970 1390.848
23.740 1390.807
23.540 1391.061
23.340 1391.026
23.140 1479.030
22.940 1478.967
22.740 1479.160
22.540 1479.447
22.340 1479.327
22.162 1479.239
22.103 1480.287
21.940 1480.470
21.740 1480.226
21.540 1479.809
21.320 1479.270
21.170 1478.958
20.970 1478.392
20.800 1477.833
20.590 1477.492
20.390 1476.996
20.190 1476.548
19.990 1476.417
19.790 1476.083
19.575 1475.609
19.375 1474.900
19.160 1474.150
18.960 1473.337
18.760 1472.268
18.560 1471.179
18.360 1470.154
18.160 1470.100
17.970 1469.413
17.770 1468.787
17.570 1468.189
17.370 1467.457
17.170 1466.707
16.970 1465.616
16.796 1464.881
16.648 1464.018
16.555 1463.268
16.355 1461.271
16.155 1459.682
15.960 1457.458
15.765 1454.824
15.565 1452.347
15.365 1449.886
15.165 1447.373
14.965 1445.053
14.770 1442.456
14.570 1440.052
14.385 1437.867
14.190 1436.970
13.990 1434.336
13.790 1431.792
13.590 1428.152
13.395 1423.622
13.190 1419.077
12.990 1415.298
12.805 1412.625
12.610 1409.895
12.410 1406.430
12.210 1403.322
12.010 1400.926
11.810 1398.746
11.733 1397.806
11.610 1415.469
11.410 1412.163
11.210 1409.295
11.010 1406.879
10.810 1403.869
10.600 1403.310
10.400 1404.265
10.200 1402.435
10.000 1399.649
9.800 1396.798
9.600 1394.038
9.400 1391.603
9.200 1389.046
9.000 1386.676
8.800 1384.240
8.600 1381.663
8.400 1406.523
8.200 1401.150
8.000 1395.993
7.800 1391.391
7.600 1387.000
7.400 1384.081
7.200 1381.374
7.000 1378.495
6.800 1375.058
6.600 1371.890
6.400 1367.970
6.200 1363.982
6.000 1359.113
5.800 1355.461
5.600 1351.243
5.400 1347.471
5.285 1345.627
5.200 1362.271
5.000 1358.207
4.800 1352.690
4.600 1348.357
4.400 1344.754
4.200 1340.106
4.000 1337.053
3.790 1332.655
3.590 1329.293
3.390 1325.919
3.190 1322.699
2.990 1319.783
2.790 1316.340
2.600 1312.990
2.400 1308.257
2.200 1300.547
2.000 1294.504
1.800 1290.059
1.600 1283.555
1.400 1277.793
1.200 1272.018
1.000 1265.245
0.800 1258.768
0.600 1252.681
0.400 1245.948
0.170 1237.029
0.000 1231.117
-1.000 1227.880

River_Name: Seomjin, boseong
Data: WL
25.970 66.329
25.770 66.336
25.570 66.549
25.370 66.284
25.283 65.674
25.170 65.419
24.970 65.098
24.744 64.699
24.542 64.377
24.370 64.141
24.287 63.838
24.170 63.559
23.970 63.338
23.740 63.125
23.540 62.958
23.340 62.755
23.140 62.447
22.940 62.129
22.740 61.929
22.540 61.685
22.340 61.419
22.162 61.190
22.103 60.904
21.940 60.470
21.740 60.097
21.540 59.974
21.320 59.888
21.170 59.757
20.970 59.643
20.800 59.560
20.590 59.441
20.390 59.279
20.190 59.119
19.990 58.914
19.790 58.689
19.575 58.476
19.375 58.283
19.160 58.114
18.960 57.887
18.760 57.652
18.560 57.534
18.360 57.490
18.160 57.423
17.970 57.307
17.770 57.165
17.570 57.030
17.370 56.878
17.170 56.709
16.970 56.544
16.796 56.277
16.648 55.938
16.555 55.759
16.355 55.625
16.155 55.418
15.960 55.202
15.765 54.987
15.565 54.826
15.365 54.694
15.165 54.507
14.965 54.286
14.770 54.086
14.570 53.923
14.385 53.658
14.190 53.412
13.990 53.296
13.790 53.170
13.590 53.076
13.395 52.999
13.190 52.898
12.990 52.736
12.805 52.519
12.610 52.294
12.410 52.036
12.210 51.801
12.010 51.642
11.810 51.497
11.733 51.337
11.610 51.176
11.410 50.997
11.210 50.702
11.010 50.378
10.810 49.895
10.600 49.473
10.400 49.260
10.200 49.000
10.000 48.830
9.800 48.664
9.600 48.387
9.400 48.169
9.200 48.013
9.000 47.851
8.800 47.712
8.600 47.520
8.400 47.192
8.200 46.779
8.000 46.476
7.800 46.167
7.600 45.728
7.400 45.328
7.200 45.010
7.000 44.831
6.800 44.602
6.600 44.268
6.400 44.032
6.200 43.782
6.000 43.486
5.800 43.132
5.600 42.810
5.400 42.556
5.285 42.353
5.200 42.067
5.000 41.652
4.800 41.246
4.600 40.774
4.400 40.414
4.200 40.191
4.000 39.852
3.790 39.449
3.590 39.063
3.390 38.691
3.190 38.367
2.990 38.170
2.790 37.942
2.600 37.343
2.400 36.729
2.200 36.391
2.000 36.096
1.800 35.872
1.600 35.690
1.400 35.460
1.200 35.271
1.000 35.158
0.800 35.071
0.600 34.996
0.400 34.923
0.170 34.864
0.000 34.880
-1.000 34.936

River_Name: Seomjin, main
Data: Q
136.000 4.400
135.307 4.400
135.200 12.307
135.000 12.317
134.800 12.328
134.600 12.333
134.400 12.340
134.200 12.344
134.000 12.348
133.800 27.807
133.600 31.549
133.400 31.684
133.200 31.735
133.000 31.774
132.800 31.818
132.650 36.553
132.600 40.693
132.400 40.755
132.268 40.776
132.200 40.787
132.000 40.822
131.800 40.865
131.727 40.876
131.600 40.890
131.400 40.925
131.200 40.998
131.000 41.132
130.800 41.264
130.600 41.433
130.400 41.624
130.200 41.819
130.000 233.178
129.800 233.380
129.711 233.444
129.600 233.617
129.517 233.915
129.466 233.983
129.400 234.076
129.200 234.294
129.000 234.505
128.846 234.793
128.800 234.898
128.600 235.208
128.400 235.444
128.200 235.703
128.000 235.979
127.845 236.220
127.800 236.291
127.723 236.446
127.600 237.048
127.400 237.618
127.200 237.940
127.000 243.268
126.800 243.535
126.600 243.811
126.400 244.105
126.200 244.443
126.000 244.716
125.905 247.409
125.800 247.515
125.605 247.781
125.400 248.134
125.200 248.542
125.033 248.888
124.800 249.240
124.725 249.327
124.600 249.615
124.400 249.785
124.200 250.051
124.000 251.307
123.800 251.506
123.600 251.715
123.378 252.007
123.200 252.205
123.000 252.430
122.800 252.638
122.600 252.837
122.400 253.689
122.200 253.897
122.000 254.139
121.800 254.392
121.600 254.640
121.400 255.396
121.200 255.628
121.000 255.846
120.869 281.497
120.800 281.586
120.600 281.917
120.400 282.182
120.200 282.756
120.000 292.414
119.944 292.435
119.800 292.393
119.600 292.229
119.477 291.838
119.400 291.749
119.200 292.410
119.000 297.909
118.800 320.297
118.600 347.368
118.400 341.939
118.200 310.331
118.000 284.598
117.940 279.966
117.800 277.366
117.600 279.475
117.400 284.981
117.200 291.241
117.029 295.630
116.935 298.026
116.800 299.974
116.600 301.063
116.400 300.334
116.200 299.418
116.000 298.675
115.800 298.156
115.600 297.726
115.400 297.610
115.349 297.608
115.200 297.910
115.096 297.978
115.000 298.086
114.800 298.368
114.600 298.661
114.400 299.089
114.200 302.325
114.000 302.584
113.800 302.851
113.600 303.108
113.400 303.346
113.263 303.542
113.200 303.623
113.000 303.857
112.800 304.085
112.600 304.424
112.400 304.671
112.200 305.037
112.000 307.366
111.800 307.674
111.600 308.941
111.400 309.182
111.297 309.345
111.200 309.488
111.000 309.727
110.800 309.966
110.600 310.202
110.400 310.441
110.200 310.640
110.106 310.731
110.000 310.969
109.800 311.185
109.600 311.389
109.539 311.435
109.400 311.541
109.200 311.745
109.000 312.022
108.861 312.146
108.800 312.521
108.600 313.118
108.400 313.254
108.200 313.431
108.113 313.502
108.000 314.170
107.943 314.213
107.800 314.298
107.600 314.413
107.400 314.531
107.200 314.642
107.000 314.731
106.800 314.744
106.600 314.744
106.400 314.712
106.200 314.652
106.000 314.543
105.956 314.518
105.800 314.418
105.600 314.322
105.400 314.216
105.200 314.080
105.152 314.035
104.977 313.861
104.800 313.705
104.600 313.533
104.400 313.368
104.200 313.211
104.142 313.315
104.000 313.237
103.800 313.797
103.671 313.484
103.600 313.309
103.400 312.968
103.200 312.995
103.000 312.785
102.800 325.684
102.718 325.413
102.600 325.114
102.474 324.858
102.400 324.754
102.200 324.285
102.000 324.020
101.800 323.572
101.600 323.083
101.400 322.667
101.200 322.385
101.000 321.991
100.868 321.666
100.800 321.462
100.600 320.456
100.400 319.570
100.200 318.800
100.147 318.572
100.000 317.909
99.800 343.297
99.727 343.072
99.600 342.636
99.400 341.733
99.200 339.963
99.000 338.314
98.800 336.634
98.600 334.972
98.400 333.598
98.200 332.458
98.000 331.152
97.800 329.988
97.656 328.290
97.600 327.556
97.400 326.032
97.200 324.723
97.049 324.994
97.000 324.681
96.800 323.518
96.600 321.807
96.400 320.892
96.200 318.798
96.000 316.875
95.800 314.694
95.600 312.854
95.400 311.172
95.346 310.645
95.200 309.196
95.000 307.382
94.896 306.663
94.800 305.955
94.600 304.519
94.400 302.781
94.200 301.045
94.000 299.049
93.800 296.892
93.600 294.562
93.502 293.419
93.400 292.231
93.200 290.240
93.000 289.239
92.800 288.399
92.600 286.913
92.400 284.658
92.200 282.429
92.000 280.466
91.868 279.247
91.800 278.691
91.600 276.254
91.400 274.646
91.200 272.412
91.000 271.096
90.800 268.843
90.600 266.167
90.400 261.975
90.297 259.655
90.200 259.934
90.000 256.956
89.800 253.783
89.600 253.608
89.400 251.132
89.200 249.576
89.000 248.015
88.800 246.494
88.600 244.979
88.400 242.920
88.200 242.471
88.000 240.858
87.800 239.806
87.718 239.721
87.600 238.957
87.400 237.221
87.200 235.531
87.000 234.995
86.800 233.790
86.600 232.644
86.400 231.916
86.200 232.085
86.000 231.475
85.853 234.204
85.800 235.242
85.600 234.607
85.400 234.129
85.200 237.960
85.000 238.185
84.800 237.727
84.600 243.495
84.400 243.129
84.200 243.002
84.000 259.942
83.800 260.367
83.600 260.035
83.400 259.775
83.200 259.408
83.000 268.110
82.800 268.440
82.737 268.866
82.600 270.000
82.400 275.573
82.200 275.453
82.000 275.825
81.800 275.717
81.600 275.719
81.400 276.548
81.200 276.354
81.092 276.222
81.000 275.960
80.800 274.991
80.677 274.175
80.600 273.684
80.400 274.120
80.200 271.768
80.000 268.674
79.880 266.239
79.800 270.667
79.758 269.943
79.600 266.808
79.400 261.720
79.200 255.084
79.000 247.752
78.800 239.695
78.600 233.037
78.400 226.658
78.200 219.741
78.000 209.822
77.800 195.263
77.700 185.597
77.670 182.214
77.613 1759.255
77.400 1743.222
77.200 1828.516
77.000 1833.018
76.800 1826.347
76.600 1820.683
76.400 1814.370
76.200 1819.476
76.000 1813.045
75.800 1806.764
75.753 1805.594
75.600 1799.990
75.400 1792.083
75.200 1784.588
75.000 1772.004
74.956 1770.909
74.800 1758.714
74.600 1743.932
74.400 1731.240
74.200 1719.729
74.000 1722.099
73.800 1710.467
73.600 1696.818
73.416 1683.090
73.364 1679.661
73.200 1787.702
73.000 1776.999
72.800 1764.049
72.600 1751.251
72.400 1738.505
72.200 1726.516
71.964 1715.761
71.800 1709.850
71.600 1703.334
71.400 1697.203
71.200 1695.213
71.000 1693.172
70.800 1686.748
70.600 1680.340
70.400 1673.952
70.200 1667.208
70.000 1660.688
69.800 1655.116
69.667 1651.056
69.600 1648.963
69.400 1642.490
69.200 1636.314
69.000 1631.082
68.800 1628.015
68.600 1623.637
68.400 1617.526
68.200 1610.015
68.000 1602.396
67.800 1595.736
67.600 1589.539
67.432 1584.267
67.200 1582.117
67.152 1580.297
67.000 1575.236
66.800 1568.011
66.600 1560.530
66.421 1552.743
66.336 1558.013
66.200 1554.449
66.000 1550.113
65.800 1544.085
65.600 1537.451
65.400 1530.952
65.200 1523.737
65.000 1516.716
64.800 1508.147
64.715 1503.663
64.600 1498.235
64.400 1492.820
64.200 1484.329
64.000 1475.081
63.800 1466.010
63.600 1456.995
63.400 1447.751
63.200 1439.367
63.000 1430.581
62.800 1421.906
62.600 1414.011
62.400 1405.559
62.162 1394.958
62.000 1382.414

River_Name: Seomjin, main
Data: WL
136.000 139.066
135.307 138.146
135.200 137.146
135.000 136.843
134.800 136.529
134.600 136.174
134.400 135.848
134.200 134.984
134.000 133.676
133.800 132.998
133.600 132.780
133.400 132.690
133.200 132.437
133.000 132.193
132.800 132.106
132.650 131.561
132.600 130.963
132.400 130.818
132.268 130.775
132.200 130.766
132.000 130.762
131.800 130.749
131.727 129.321
131.600 126.894
131.400 125.508
131.200 125.044
131.000 124.924
130.800 124.888
130.600 124.876
130.400 124.866
130.200 124.936
130.000 124.777
129.800 124.272
129.711 123.770
129.600 123.413
129.517 123.251
129.466 123.185
129.400 122.996
129.200 122.488
129.000 121.841
128.846 121.463
128.800 121.221
128.600 120.865
128.400 120.541
128.200 120.307
128.000 120.066
127.845 119.825
127.800 119.619
127.723 119.485
127.600 119.396
127.400 119.242
127.200 119.072
127.000 118.869
126.800 118.610
126.600 118.248
126.400 117.880
126.200 117.667
126.000 117.516
125.905 117.231
125.800 116.951
125.605 116.768
125.400 116.514
125.200 116.170
125.033 115.651
124.800 115.127
124.725 114.675
124.600 114.362
124.400 113.926
124.200 113.097
124.000 112.132
123.800 111.365
123.600 110.908
123.378 110.452
123.200 109.959
123.000 109.350
122.800 108.644
122.600 107.991
122.400 107.270
122.200 106.671
122.000 106.430
121.800 106.343
121.600 106.238
121.400 106.101
121.200 105.955
121.000 105.806
120.869 105.121
120.800 104.492
120.600 104.320
120.400 103.994
120.200 103.688
120.000 103.417
119.944 103.122
119.800 102.874
119.600 102.672
119.477 102.506
119.400 102.395
119.200 102.240
119.000 101.752
118.800 100.651
118.600 99.568
118.400 98.965
118.200 98.465
118.000 97.806
117.940 97.198
117.800 96.923
117.600 96.808
117.400 96.718
117.200 96.619
117.029 96.500
116.935 96.190
116.800 95.441
116.600 94.586
116.400 93.994
116.200 93.567
116.000 93.289
115.800 93.036
115.600 92.512
115.400 91.838
115.349 91.429
115.200 90.997
115.096 90.540
115.000 90.224
114.800 89.849
114.600 89.337
114.400 88.831
114.200 88.497
114.000 88.164
113.800 87.833
113.600 87.401
113.400 86.994
113.263 86.803
113.200 86.658
113.000 86.416
112.800 86.132
112.600 85.914
112.400 85.739
112.200 85.523
112.000 85.142
111.800 84.830
111.600 84.625
111.400 84.337
111.297 84.143
111.200 84.023
111.000 83.831
110.800 83.640
110.600 83.457
110.400 83.097
110.200 82.782
110.106 82.668
110.000 82.558
109.800 82.444
109.600 82.306
109.539 82.184
109.400 82.130
109.200 82.070
109.000 81.951
108.861 81.587
108.800 81.160
108.600 80.873
108.400 80.437
108.200 79.941
108.113 79.576
108.000 79.396
107.943 79.307
107.800 79.198
107.600 79.101
107.400 78.922
107.200 78.630
107.000 78.049
106.800 77.515
106.600 77.178
106.400 76.913
106.200 76.849
106.000 76.796
105.956 76.668
105.800 76.557
105.600 76.473
105.400 76.365
105.200 76.319
105.152 76.308
104.977 76.282
104.800 76.242
104.600 76.202
104.400 76.165
104.200 76.097
104.142 75.759
104.000 75.409
103.800 75.254
103.671 75.143
103.600 75.079
103.400 74.928
103.200 74.753
103.000 74.638
102.800 74.549
102.718 74.484
102.600 74.398
102.474 74.010
102.400 73.689
102.200 73.662
102.000 73.626
101.800 73.615
101.600 73.595
101.400 73.572
101.200 73.560
101.000 73.528
100.868 73.110
100.800 72.541
100.600 72.230
100.400 72.037
100.200 71.952
100.147 71.907
100.000 71.814
99.800 71.542
99.727 71.099
99.600 70.768
99.400 70.421
99.200 69.999
99.000 69.728
98.800 69.535
98.600 69.382
98.400 69.241
98.200 69.104
98.000 68.953
97.800 68.813
97.656 68.753
97.600 68.721
97.400 68.639
97.200 68.488
97.049 68.304
97.000 67.991
96.800 67.424
96.600 66.931
96.400 66.756
96.200 66.691
96.000 66.628
95.800 66.575
95.600 66.530
95.400 66.511
95.346 66.502
95.200 66.477
95.000 66.426
94.896 66.384
94.800 66.375
94.600 66.363
94.400 66.334
94.200 66.294
94.000 66.255
93.800 66.216
93.600 66.163
93.502 66.078
93.400 65.825
93.200 65.525
93.000 65.361
92.800 65.237
92.600 65.008
92.400 64.746
92.200 64.554
92.000 64.368
91.868 64.161
91.800 63.989
91.600 63.810
91.400 63.589
91.200 63.424
91.000 63.184
90.800 62.959
90.600 62.853
90.400 62.762
90.297 62.646
90.200 62.381
90.000 62.184
89.800 62.151
89.600 62.086
89.400 61.965
89.200 61.789
89.000 61.640
88.800 61.524
88.600 61.398
88.400 61.280
88.200 61.098
88.000 60.711
87.800 60.165
87.718 59.714
87.600 59.545
87.400 59.439
87.200 59.241
87.000 59.114
86.800 59.044
86.600 58.876
86.400 58.468
86.200 58.039
86.000 57.703
85.853 57.414
85.800 57.191
85.600 56.991
85.400 56.812
85.200 56.578
85.000 56.375
84.800 56.264
84.600 56.159
84.400 56.014
84.200 55.764
84.000 55.149
83.800 54.393
83.600 53.884
83.400 53.413
83.200 52.776
83.000 52.222
82.800 51.992
82.737 51.919
82.600 51.877
82.400 51.808
82.200 51.707
82.000 51.591
81.800 51.459
81.600 51.349
81.400 51.254
81.200 51.131
81.092 50.958
81.000 50.773
80.800 50.645
80.677 50.592
80.600 50.535
80.400 50.416
80.200 50.286
80.000 50.198
79.880 50.166
79.800 50.160
79.758 50.150
79.600 50.131
79.400 50.105
79.200 50.081
79.000 50.067
78.800 50.060
78.600 50.054
78.400 50.050
78.200 50.047
78.000 50.045
77.800 50.045
77.700 50.046
77.670 50.099
77.613 49.805
77.400 49.408
77.200 49.233
77.000 49.019
76.800 48.819
76.600 48.667
76.400 48.568
76.200 48.425
76.000 48.222
75.800 48.030
75.753 47.868
75.600 47.584
75.400 47.107
75.200 46.663
75.000 46.487
74.956 46.453
74.800 46.393
74.600 46.294
74.400 46.171
74.200 46.068
74.000 45.982
73.800 45.895
73.600 45.818
73.416 45.720
73.364 45.573
73.200 45.405
73.000 45.310
72.800 45.271
72.600 45.194
72.400 45.118
72.200 44.991
71.964 44.631
71.800 44.252
71.600 44.081
71.400 43.830
71.200 43.262
71.000 42.852
70.800 42.735
70.600 42.568
70.400 42.478
70.200 42.405
70.000 42.190
69.800 42.036
69.667 41.985
69.600 41.903
69.400 41.771
69.200 41.545
69.000 41.237
68.800 40.866
68.600 40.575
68.400 40.461
68.200 40.351
68.000 40.164
67.800 39.974
67.600 39.735
67.432 39.314
67.200 38.840
67.152 38.449
67.000 38.312
66.800 38.246
66.600 38.075
66.421 37.951
66.336 37.731
66.200 37.466
66.000 37.258
65.800 37.071
65.600 36.898
65.400 36.701
65.200 36.484
65.000 36.191
64.800 35.982
64.715 35.952
64.600 35.879
64.400 35.742
64.200 35.642
64.000 35.556
63.800 35.423
63.600 35.291
63.400 35.191
63.200 35.130
63.000 35.079
62.800 35.025
62.600 34.963
62.400 34.917
62.162 34.910
62.000 34.936

River_Name: Seomjin, main_down
Data: Q
61.800 2610.294
61.667 2602.686
61.600 2599.299
61.400 2589.437
61.200 2579.909
61.000 2570.228
60.800 2560.828
60.600 2550.954
60.400 2540.404
60.200 2537.241
60.106 2533.348
60.000 2528.886
59.800 2520.245
59.600 2511.126
59.400 2500.218
59.200 2490.141
59.000 2481.842
58.800 2474.497
58.600 2466.191
58.400 2456.150
58.200 2446.124
58.000 2437.089
57.800 2427.313
57.600 2416.652
57.528 2414.825
57.400 2407.677
57.200 2397.857
57.000 2385.826
56.800 2373.561
56.600 2362.071
56.400 2351.778
56.200 2343.398
56.000 2334.823
55.800 2324.950
55.600 2315.030
55.400 2304.363
55.200 2294.217
55.127 2290.338
55.000 2284.088
54.920 2279.819
54.800 2277.490
54.600 2266.494
54.400 2256.279
54.200 2245.283
53.983 2233.113
53.800 2222.510
53.600 2208.925
53.400 2193.031
53.200 2173.967
53.108 2164.308
53.000 2155.348
52.917 2147.256
52.800 2137.056
52.600 2128.734
52.400 2524.243
52.200 2522.122
52.000 2511.533
51.800 2507.073
51.600 2498.073
51.400 2491.704
51.200 2481.701
51.000 2471.410
50.800 2460.956
50.600 2450.652
50.400 2440.094
50.247 2432.088
50.200 2429.487
50.000 2417.601
49.800 2404.834
49.600 2391.781
49.400 2378.121
49.200 2364.148
48.995 2349.573
48.842 2339.599
48.800 2336.992
48.600 2324.577
48.400 2314.700
48.200 2301.594
48.000 2288.272
47.800 2273.457
47.600 2256.937
47.555 2253.329
47.400 2242.428
47.276 2233.989
47.200 2228.591
47.000 2561.752
46.800 2543.792
46.600 2526.802
46.400 2564.665
46.200 2554.029
46.000 2541.318
45.800 2531.284
45.600 2521.556
45.400 2512.952
45.200 2504.310
45.000 2494.786
44.800 2484.928
44.600 2475.845
44.400 2467.337
44.200 2458.977
44.000 2451.110
43.800 2444.308
43.600 2437.331
43.400 2429.866
43.200 2422.504
43.000 2413.054
42.800 2403.510
42.600 2393.757
42.526 2389.710
42.400 2381.600
42.200 2367.445
42.000 2353.854
41.800 2341.185
41.614 2371.551
41.400 2362.323
41.200 2354.556
41.000 2345.026
40.800 2338.637
40.600 2328.767
40.400 2319.436
40.200 2311.914
40.000 2305.550
39.800 2300.100
39.600 2294.928
39.400 2290.174
39.200 2284.370
39.000 2279.237
38.800 2273.153
38.600 2268.922
38.400 2264.880
38.200 2259.579
38.000 2254.136
37.800 2249.269
37.600 2248.599
37.400 2243.011
37.200 2238.223
37.000 2233.822
36.948 2232.632
36.800 2228.831
36.600 2223.348
36.400 2218.424
36.200 2213.667
36.000 2210.507
35.800 2204.435
35.600 2199.739
35.400 2195.628
35.200 2191.724
35.000 2187.705
34.858 2184.329
34.800 2182.885
34.600 2237.720
34.400 2233.657
34.200 2230.782
34.000 2227.708
33.800 2224.083
33.500 2216.722
33.390 2214.141
33.000 2200.232
32.942 2198.196
32.500 2588.928
32.000 2578.742
31.500 2570.921
31.000 2561.796
30.500 2559.010
30.000 2551.503
29.500 2539.976
29.000 2526.424
28.500 2538.622
28.000 2530.984
27.500 2596.631
27.000 2595.799
26.500 2588.035
26.000 2582.577
25.500 2574.066
25.000 2564.622
24.500 2553.344
24.000 2541.664
23.500 2532.928
23.000 2608.489
22.500 2599.301
22.000 2588.889
21.679 2581.770
21.500 2585.287
21.000 2576.337
20.500 2585.446
20.000 2579.282
19.926 2578.496
19.500 2577.304
19.000 2571.112
18.500 2564.547
18.000 2557.539
17.500 2553.463
17.000 2549.307
16.516 2543.060
16.000 2536.281
15.500 2534.920
15.000 2533.016
14.797 2532.211
14.500 2530.980
14.353 2531.031
14.000 2529.883
13.736 2529.548
13.500 2529.031
13.000 2527.881
12.836 2527.844
12.500 2527.429
12.000 2527.462
11.500 2527.261
11.000 2527.285
10.500 2527.495
10.144 2527.779
10.000 2528.360
9.923 2528.667
9.500 2529.098
9.000 2532.289
8.500 2533.531
8.000 2533.715
7.500 2533.677
7.127 2757.636
7.000 2757.538
6.500 2757.738
6.000 2758.441
5.500 2758.701
5.000 2757.497
4.712 2756.429
4.500 2755.775
4.101 2755.693
4.000 2755.294
3.500 2753.547
3.000 2802.690
2.500 2800.737
2.192 2799.090
2.000 2797.739
1.500 2793.421
1.000 2784.916
0.500 2776.047
0.000 2766.774
-1.000 2724.993
-2.000 2658.562

River_Name: Seomjin, main_down
Data: WL
61.800 34.936
61.667 34.403
61.600 34.115
61.400 33.963
61.200 33.806
61.000 33.682
60.800 33.547
60.600 33.351
60.400 32.936
60.200 32.201
60.106 31.759
60.000 31.775
59.800 31.717
59.600 31.609
59.400 31.493
59.200 31.255
59.000 31.020
58.800 30.875
58.600 30.823
58.400 30.842
58.200 30.729
58.000 30.553
57.800 30.440
57.600 30.298
57.528 30.183
57.400 30.120
57.200 29.974
57.000 29.807
56.800 29.599
56.600 29.358
56.400 29.078
56.200 28.721
56.000 28.482
55.800 28.318
55.600 28.126
55.400 27.932
55.200 27.770
55.127 27.657
55.000 27.572
54.920 27.538
54.800 27.451
54.600 27.325
54.400 27.233
54.200 27.097
53.983 26.867
53.800 26.646
53.600 26.482
53.400 26.317
53.200 26.187
53.108 26.089
53.000 26.030
52.917 26.017
52.800 25.898
52.600 25.767
52.400 25.561
52.200 25.293
52.000 25.089
51.800 24.871
51.600 24.748
51.400 24.643
51.200 24.495
51.000 24.363
50.800 24.246
50.600 24.128
50.400 24.001
50.247 23.864
50.200 23.737
50.000 23.574
49.800 23.367
49.600 23.186
49.400 23.022
49.200 22.855
48.995 22.731
48.842 22.656
48.800 22.549
48.600 22.412
48.400 22.285
48.200 22.163
48.000 22.045
47.800 21.947
47.600 21.879
47.555 21.818
47.400 21.705
47.276 21.516
47.200 21.432
47.000 21.374
46.800 21.274
46.600 21.186
46.400 20.994
46.200 20.786
46.000 20.556
45.800 20.229
45.600 19.980
45.400 19.858
45.200 19.751
45.000 19.663
44.800 19.566
44.600 19.441
44.400 19.323
44.200 19.212
44.000 19.084
43.800 18.949
43.600 18.800
43.400 18.583
43.200 18.341
43.000 18.171
42.800 17.982
42.600 17.817
42.526 17.761
42.400 17.719
42.200 17.631
42.000 17.439
41.800 17.096
41.614 16.766
41.400 16.594
41.200 16.321
41.000 15.968
40.800 15.723
40.600 15.541
40.400 15.334
40.200 15.137
40.000 14.900
39.800 14.688
39.600 14.545
39.400 14.401
39.200 14.356
39.000 14.284
38.800 14.158
38.600 13.898
38.400 13.739
38.200 13.765
38.000 13.694
37.800 13.586
37.600 13.526
37.400 13.474
37.200 13.350
37.000 13.200
36.948 13.083
36.800 13.016
36.600 12.930
36.400 12.811
36.200 12.699
36.000 12.564
35.800 12.421
35.600 12.320
35.400 12.217
35.200 12.102
35.000 12.034
34.858 11.978
34.800 11.913
34.600 11.796
34.400 11.673
34.200 11.593
34.000 11.508
33.800 11.428
33.500 11.341
33.390 11.237
33.000 11.115
32.942 11.032
32.500 10.774
32.000 10.387
31.500 10.117
31.000 9.894
30.500 9.612
30.000 9.269
29.500 9.050
29.000 8.912
28.500 8.650
28.000 8.338
27.500 8.079
27.000 7.830
26.500 7.589
26.000 7.340
25.500 7.101
25.000 6.860
24.500 6.652
24.000 6.446
23.500 6.166
23.000 5.909
22.500 5.741
22.000 5.612
21.679 5.490
21.500 5.361
21.000 5.189
20.500 4.985
20.000 4.833
19.926 4.731
19.500 4.562
19.000 4.331
18.500 4.115
18.000 3.927
17.500 3.728
17.000 3.518
16.516 3.332
16.000 3.112
15.500 2.817
15.000 2.582
14.797 2.459
14.500 2.357
14.353 2.243
14.000 2.127
13.736 2.034
13.500 1.938
13.000 1.819
12.836 1.716
12.500 1.605
12.000 1.449
11.500 1.266
11.000 1.096
10.500 0.988
10.144 0.936
10.000 0.880
9.923 0.808
9.500 0.710
9.000 0.574
8.500 0.450
8.000 0.366
7.500 0.306
7.127 0.223
7.000 0.140
6.500 0.071
6.000 -0.011
5.500 -0.089
5.000 -0.165
4.712 -0.225
4.500 -0.265
4.101 -0.282
4.000 -0.314
3.500 -0.380
3.000 -0.459
2.500 -0.528
2.192 -0.571
2.000 -0.622
1.500 -0.690
1.000 -0.748
0.500 -0.865
0.000 -0.988
-1.000 -1.021
-2.000 -1.020

