Boundary: Upstream
River_Name: Seomjin, main
Boundary_Type: discharge
Data_Type: Time_series
Num_Data: 241
Dt: 60 min
4.51
4.43
4.41
4.41
4.41
4.40
4.40
4.41
4.41
4.42
4.42
4.41
4.42
4.41
4.41
4.42
4.41
4.42
4.40
4.43
4.43
4.40
4.41
4.42
4.47
4.45
4.41
4.41
4.42
4.41
4.41
4.41
4.40
4.41
4.41
4.40
4.39
4.37
4.38
4.39
4.41
4.40
4.40
4.41
4.40
4.38
4.39
4.45
4.52
4.48
4.39
4.40
4.40
4.40
4.40
4.43
4.44
4.39
4.41
4.41
4.40
4.40
4.41
4.41
3.10
3.06
3.06
3.05
3.05
3.04
3.05
3.07
3.14
3.09
3.04
3.07
3.07
3.06
3.04
3.05
3.05
3.04
3.03
3.04
3.04
3.05
3.04
3.03
3.04
3.04
3.03
3.04
3.04
3.05
3.05
3.15
3.14
3.14
3.08
3.09
3.04
3.04
3.03
3.05
3.05
3.02
3.02
3.05
3.04
3.06
3.05
3.05
3.07
3.05
3.04
3.05
3.04
3.06
3.06
3.08
3.15
3.15
3.15
3.15
3.15
3.15
3.15
3.15
3.15
3.15
3.15
3.15
3.15
3.15
3.15
3.15
3.15
3.15
3.15
3.15
3.15
3.15
3.15
3.15
3.15
3.15
3.15
3.15
3.15
3.15
3.15
3.15
3.15
3.15
3.15
3.15
3.15
3.15
3.15
3.15
3.15
3.15
3.15
3.15
3.15
3.15
3.15
3.15
3.15
3.15
3.15
3.15
3.15
3.15
3.15
3.15
3.15
3.15
3.15
3.15
3.15
3.15
3.15
3.15
3.15
3.15
3.15
3.15
3.15
3.15
3.15
3.15
3.15
3.15
3.15
3.15
3.15
3.15
3.15
3.15
3.15
3.15
3.15
3.15
3.15
3.15
3.15
3.15
3.15
3.15
3.15
3.15
3.15
3.15
3.15
3.15
3.15
3.15
3.15
3.15
3.15
3.15
3.15
3.15
3.15
3.15
3.15
3.15
3.15
3.15
3.15
3.15
3.15
3.15
3.15
3.15
3.15
3.15
3.15
3.15
3.15

Boundary: Upstream
River_Name: Seomjin, boseong
Boundary_Type: discharge
Data_Type: Time_series
Num_Data: 241
Dt: 60 min
12.22
11.22
12.19
12.04
11.44
10.97
10.63
10.38
10.23
10.61
11.82
11.78
12.11
11.91
11.47
10.68
10.83
11.06
11.46
12.22
12.44
12.48
12.67
12.61
12.41
12.10
12.05
11.80
11.07
10.83
10.63
10.66
10.87
11.06
11.24
11.50
11.53
11.28
10.94
10.66
11.04
10.98
11.26
11.55
11.75
11.86
11.62
11.49
11.08
10.97
10.88
11.14
11.21
10.99
10.50
10.36
9.81
9.88
10.27
10.57
10.85
10.72
10.85
9.83
9.48
9.71
9.83
10.03
10.15
10.32
10.49
10.53
10.44
9.50
9.33
9.51
10.06
9.99
9.96
9.91
9.76
9.81
9.93
9.30
9.33
9.48
9.49
10.39
10.72
10.19
10.26
10.36
10.40
10.46
10.53
10.57
10.47
10.42
10.30
10.23
9.52
9.46
9.52
10.09
9.99
10.15
10.25
10.38
10.49
10.46
10.17
9.40
9.56
9.71
11.08
10.79
10.85
10.90
10.96
10.98
10.92
10.92
10.92
10.92
10.92
10.92
10.92
10.92
10.92
10.92
10.92
10.92
10.92
10.92
10.92
10.92
10.92
10.92
10.92
10.92
10.92
10.92
10.92
10.92
10.92
10.92
10.92
10.92
10.92
10.92
10.92
10.92
10.92
10.92
10.92
10.92
10.92
10.92
10.92
10.92
10.92
10.92
10.92
10.92
10.92
10.92
10.92
10.92
10.92
10.92
10.92
10.92
10.92
10.92
10.92
10.92
10.92
10.92
10.92
10.92
10.92
10.92
10.92
10.92
10.92
10.92
10.92
10.92
10.92
10.92
10.92
10.92
10.92
10.92
10.92
10.92
10.92
10.92
10.92
10.92
10.92
10.92
10.92
10.92
10.92
10.92
10.92
10.92
10.92
10.92
10.92
10.92
10.92
10.92
10.92
10.92
10.92
10.92
10.92
10.92
10.92
10.92
10.92
10.92
10.92
10.92
10.92
10.92
10.92
10.92
10.92
10.92
10.92
10.92
10.92
10.92
10.92
10.92
10.92
10.92
10.92

Boundary: Downstream
River_Name: Seomjin, main_down
Boundary_Type: water_level
Data_Type: Time_series
Num_Data: 240
Dt: 60 min
0.59
0.31
-0.06
-0.44
-0.85
-1.12
-1.02
-0.73
-0.23
0.21
0.59
0.96
1.14
1.06
0.78
0.38
0.05
-0.20
-0.47
-0.57
-0.37
-0.07
0.11
0.26
0.36
0.37
0.22
-0.06
-0.35
-0.51
-0.67
-0.70
-0.44
-0.05
0.25
0.47
0.71
0.87
0.83
0.69
0.56
0.34
0.01
-0.31
-0.41
-0.39
-0.31
-0.19
0.03
0.23
0.27
0.21
0.01
-0.16
-0.43
-0.63
-0.62
-0.46
-0.28
-0.02
0.22
0.38
0.61
0.71
0.69
0.52
0.28
-0.03
-0.35
-0.62
-0.64
-0.47
-0.32
-0.12
0.19
0.34
0.25
0.11
-0.07
-0.28
-0.47
-0.58
-0.57
-0.42
-0.19
0.03
0.26
0.48
0.67
0.69
0.58
0.33
-0.10
-0.47
-0.73
-0.86
-0.77
-0.43
-0.09
0.21
0.45
0.53
0.40
0.11
-0.25
-0.54
-0.69
-0.76
-0.62
-0.32
-0.03
0.28
0.61
0.81
0.78
0.56
0.17
-0.30
-0.72
-0.97
-0.97
-0.73
-0.36
0.08
0.49
0.77
0.82
0.61
0.25
-0.18
-0.57
-0.83
-0.86
-0.65
-0.31
0.07
0.47
0.82
0.97
0.85
0.49
0.00
-0.54
-1.00
-1.20
-1.06
-0.67
-0.18
0.32
0.77
1.03
0.98
0.65
0.18
-0.31
-0.76
-1.01
-0.95
-0.63
-0.21
0.22
0.64
0.96
1.00
0.73
0.25
-0.31
-0.87
-1.28
-1.34
-1.01
-0.48
0.08
0.62
1.06
1.23
1.03
0.57
0.02
-0.52
-0.97
-1.14
-0.94
-0.50
-0.04
0.41
0.82
1.04
0.92
0.49
-0.07
-0.67
-1.20
-1.48
-1.33
-0.83
-0.21
0.38
0.92
1.30
1.31
0.95
0.40
-0.20
-0.77
-1.16
-1.17
-0.81
-0.31
0.17
0.61
0.96
1.02
0.71
0.17
-0.44
-1.02
-1.45
-1.52
-1.16
-0.54
0.09
0.69
1.20
1.44
1.27
0.77
0.15
-0.47
-1.00
-1.24
-1.07
-0.60
-0.09
0.38
0.78
1.00
0.87
0.41
-0.19

